69 6d 70 6f 72 74 20 74  79 70 65 20 7b 20 44 69
72 65 63 74 43 68 61 74  54 61 72 67 65 74 20 7d
20 66 72 6f 6d 20 27 2e  2f 73 68 61 72 65 64 43
68 61 74 43 6c 69 65 6e  74 27 3b 0a 69 6d 70 6f
72 74 20 7b 20 53 68 61  72 65 64 43 61 72 64 43
68 61 74 43 6f 6d 70 6f  73 65 72 20 7d 20 66 72
6f 6d 20 27 2e 2f 53 68  61 72 65 64 43 61 72 64
43 68 61 74 43 6f 6d 70  6f 73 65 72 27 3b 0a 69
6d 70 6f 72 74 20 74 79  70 65 20 7b 0a 20 20 53
68 61 72 65 64 43 61 72  64 43 68 61 74 43 6f 6c
6f 72 73 2c 0a 20 20 53  68 61 72 65 64 43 61 72
64 43 68 61 74 44 69 73  70 6c 61 79 4d 65 73 73
61 67 65 2c 0a 7d 20 66  72 6f 6d 20 27 2e 2f 53
68 61 72 65 64 43 61 72  64 43 68 61 74 4d 65 73
73 61 67 65 27 3b 0a 69  6d 70 6f 72 74 20 7b 20
53 68 61 72 65 64 43 61  72 64 43 68 61 74 56 69
65 77 70 6f 72 74 20 7d  20 66 72 6f 6d 20 27 2e
2f 53 68 61 72 65 64 43  61 72 64 43 68 61 74 56
69 65 77 70 6f 72 74 27  3b 0a 69 6d 70 6f 72 74
20 74 79 70 65 20 7b 20  53 68 61 72 65 64 43 61
72 64 52 75 6e 49 6e 70  75 74 20 7d 20 66 72 6f
6d 20 27 2e 2f 73 68 61  72 65 64 43 68 61 74 54
72 61 6e 73 63 72 69 70  74 27 3b 0a 69 6d 70 6f
72 74 20 74 79 70 65 20  7b 20 53 68 61 72 65 64
43 61 72 64 56 6f 69 63  65 50 68 61 73 65 20 7d
20 66 72 6f 6d 20 27 2e  2f 75 73 65 53 68 61 72
65 64 43 61 72 64 56 6f  69 63 65 27 3b 0a 69 6d
70 6f 72 74 20 74 79 70  65 20 7b 0a 20 20 43 61
6e 6f 6e 69 63 61 6c 53  75 62 6a 65 63 74 46 6f
63 75 73 54 61 72 67 65  74 2c 0a 20 20 43 61 6e
6f 6e 69 63 61 6c 53 75  62 6a 65 63 74 4d 61 74
63 68 65 72 2c 0a 7d 20  66 72 6f 6d 20 27 2e 2e
2f 2e 2e 2f 2e 2e 2f 63  6f 6d 70 6f 6e 65 6e 74
73 2f 6b 6e 6f 77 6c 65  64 67 65 2f 63 61 6e 6f
6e 69 63 61 6c 53 75 62  6a 65 63 74 4c 69 6e 6b
73 27 3b 0a 0a 74 79 70  65 20 53 68 61 72 65 64
43 61 72 64 43 68 61 74  50 72 6f 70 73 20 3d 20
7b 0a 20 20 6d 65 73 73  61 67 65 73 3a 20 53 68
61 72 65 64 43 61 72 64  43 68 61 74 44 69 73 70
6c 61 79 4d 65 73 73 61  67 65 5b 5d 3b 0a 20 20
2f 2a 2a 20 4d 61 69 6e  20 69 73 20 74 68 65 20
61 6d 62 69 65 6e 74 20  76 6f 69 63 65 20 6f 66
20 74 68 69 73 20 63 68  61 74 3b 20 6f 6e 6c 79
20 64 69 72 65 63 74 6c  79 20 61 64 64 72 65 73
73 65 64 20 6e 6f 6e 2d  4d 61 69 6e 20 43 61 72
64 73 20 6e 65 65 64 20  61 20 6c 61 62 65 6c 2e
20 2a 2f 0a 20 20 6d 61  69 6e 43 61 72 64 49 64
3f 3a 20 73 74 72 69 6e  67 3b 0a 20 20 64 69 72
65 63 74 43 68 61 74 54  61 72 67 65 74 73 3f 3a
20 44 69 72 65 63 74 43  68 61 74 54 61 72 67 65
74 5b 5d 3b 0a 20 20 6f  6e 53 65 6e 64 3a 20 28
74 65 78 74 3a 20 73 74  72 69 6e 67 2c 20 72 75
6e 49 6e 70 75 74 3f 3a  20 53 68 61 72 65 64 43
61 72 64 52 75 6e 49 6e  70 75 74 29 20 3d 3e 20
76 6f 69 64 3b 0a 20 20  6f 6e 4b 6e 6f 77 6c 65
64 67 65 55 70 6c 6f 61  64 65 64 3f 3a 20 28 29
20 3d 3e 20 76 6f 69 64  3b 0a 20 20 6b 6e 6f 77
6c 65 64 67 65 50 72 6f  6a 65 63 74 49 64 3a 20
73 74 72 69 6e 67 3b 0a  20 20 63 6f 6c 6f 72 73
3a 20 53 68 61 72 65 64  43 61 72 64 43 68 61 74
43 6f 6c 6f 72 73 3b 0a  20 20 2f 2a 2a 20 54 68
65 20 72 65 61 6c 20 48  65 72 6d 65 73 20 74 75
72 6e 20 69 73 20 73 74  69 6c 6c 20 6f 70 65 6e
3b 20 74 68 65 20 63 6f  6d 70 6f 73 65 72 20 72
65 6d 61 69 6e 73 20 61  76 61 69 6c 61 62 6c 65
2e 20 2a 2f 0a 20 20 62  75 73 79 3f 3a 20 62 6f
6f 6c 65 61 6e 3b 0a 20  20 2f 2a 2a 20 54 68 65
20 72 65 71 75 65 73 74  20 69 73 20 63 6f 6e 6e
65 63 74 69 6e 67 20 74  6f 20 74 68 65 20 73 61
76 65 64 20 43 61 72 64  27 73 20 48 65 72 6d 65
73 20 73 65 73 73 69 6f  6e 2e 20 2a 2f 0a 20 20
63 6f 6e 6e 65 63 74 69  6e 67 3f 3a 20 62 6f 6f
6c 65 61 6e 3b 0a 20 20  2f 2a 2a 20 56 69 73 69
62 6c 65 20 74 72 61 6e  73 70 6f 72 74 2f 63 6f
6e 66 69 67 75 72 61 74  69 6f 6e 20 66 61 69 6c
75 72 65 3b 20 6e 65 76  65 72 20 72 65 70 72 65
73 65 6e 74 65 64 20 61  73 20 61 73 73 69 73 74
61 6e 74 20 73 70 65 65  63 68 2e 20 2a 2f 0a 20
20 65 72 72 6f 72 3f 3a  20 73 74 72 69 6e 67 20
7c 20 6e 75 6c 6c 3b 0a  20 20 76 6f 69 63 65 45
72 72 6f 72 3f 3a 20 73  74 72 69 6e 67 20 7c 20
6e 75 6c 6c 3b 0a 20 20  76 6f 69 63 65 50 68 61
73 65 3f 3a 20 53 68 61  72 65 64 43 61 72 64 56
6f 69 63 65 50 68 61 73  65 3b 0a 20 20 6f 6e 56
6f 69 63 65 53 74 61 72  74 3f 3a 20 28 29 20 3d
3e 20 76 6f 69 64 3b 0a  20 20 6f 6e 56 6f 69 63
65 53 74 6f 70 3f 3a 20  28 29 20 3d 3e 20 76 6f
69 64 3b 0a 20 20 6f 6e  53 74 6f 70 3f 3a 20 28
29 20 3d 3e 20 76 6f 69  64 3b 0a 20 20 64 72 61
66 74 3f 3a 20 73 74 72  69 6e 67 3b 0a 20 20 6f
6e 44 72 61 66 74 43 68  61 6e 67 65 3f 3a 20 28
76 61 6c 75 65 3a 20 73  74 72 69 6e 67 29 20 3d
3e 20 76 6f 69 64 3b 0a  20 20 73 75 62 6a 65 63
74 4d 61 74 63 68 65 72  3f 3a 20 43 61 6e 6f 6e
69 63 61 6c 53 75 62 6a  65 63 74 4d 61 74 63 68
65 72 20 7c 20 6e 75 6c  6c 3b 0a 20 20 6f 6e 53
75 62 6a 65 63 74 46 6f  63 75 73 3f 3a 20 28 74
61 72 67 65 74 3a 20 43  61 6e 6f 6e 69 63 61 6c
53 75 62 6a 65 63 74 46  6f 63 75 73 54 61 72 67
65 74 29 20 3d 3e 20 76  6f 69 64 3b 0a 7d 3b 0a
0a 65 78 70 6f 72 74 20  64 65 66 61 75 6c 74 20
66 75 6e 63 74 69 6f 6e  20 53 68 61 72 65 64 43
61 72 64 43 68 61 74 28  7b 0a 20 20 6d 65 73 73
61 67 65 73 2c 0a 20 20  6d 61 69 6e 43 61 72 64
49 64 2c 0a 20 20 64 69  72 65 63 74 43 68 61 74
54 61 72 67 65 74 73 20  3d 20 5b 5d 2c 0a 20 20
6f 6e 53 65 6e 64 2c 0a  20 20 6f 6e 4b 6e 6f 77
6c 65 64 67 65 55 70 6c  6f 61 64 65 64 2c 0a 20
20 6b 6e 6f 77 6c 65 64  67 65 50 72 6f 6a 65 63
74 49 64 2c 0a 20 20 63  6f 6c 6f 72 73 2c 0a 20
20 62 75 73 79 20 3d 20  66 61 6c 73 65 2c 0a 20
20 63 6f 6e 6e 65 63 74  69 6e 67 20 3d 20 66 61
6c 73 65 2c 0a 20 20 65  72 72 6f 72 20 3d 20 6e
75 6c 6c 2c 0a 20 20 76  6f 69 63 65 45 72 72 6f
72 20 3d 20 6e 75 6c 6c  2c 0a 20 20 76 6f 69 63
65 50 68 61 73 65 20 3d  20 27 69 64 6c 65 27 2c
0a 20 20 6f 6e 56 6f 69  63 65 53 74 61 72 74 2c
0a 20 20 6f 6e 56 6f 69  63 65 53 74 6f 70 2c 0a
20 20 6f 6e 53 74 6f 70  2c 0a 20 20 64 72 61 66
74 2c 0a 20 20 6f 6e 44  72 61 66 74 43 68 61 6e
67 65 2c 0a 20 20 73 75  62 6a 65 63 74 4d 61 74
63 68 65 72 2c 0a 20 20  6f 6e 53 75 62 6a 65 63
74 46 6f 63 75 73 2c 0a  7d 3a 20 53 68 61 72 65
64 43 61 72 64 43 68 61  74 50 72 6f 70 73 29 20
7b 0a 20 20 72 65 74 75  72 6e 20 28 0a 20 20 20
20 3c 64 69 76 20 64 61  74 61 2d 74 65 73 74 69
64 3d 22 73 68 61 72 65  64 2d 63 61 72 64 2d 63
68 61 74 2d 70 61 6e 65  6c 22 20 63 6c 61 73 73
4e 61 6d 65 3d 22 68 2d  66 75 6c 6c 20 66 6c 65
78 20 66 6c 65 78 2d 63  6f 6c 22 20 73 74 79 6c
65 3d 7b 7b 20 67 61 70  3a 20 31 32 20 7d 7d 3e
0a 20 20 20 20 20 20 3c  73 74 79 6c 65 3e 0a 20
20 20 20 20 20 20 20 7b  60 0a 20 20 20 20 20 20
20 20 20 20 2e 73 68 61  72 65 64 2d 63 61 72 64
2d 63 68 61 74 2d 73 63  72 6f 6c 6c 20 7b 0a 20
20 20 20 20 20 20 20 20  20 20 20 73 63 72 6f 6c
6c 62 61 72 2d 77 69 64  74 68 3a 20 74 68 69 6e
3b 0a 20 20 20 20 20 20  20 20 20 20 20 20 73 63
72 6f 6c 6c 62 61 72 2d  63 6f 6c 6f 72 3a 20 23
34 45 34 45 34 45 20 74  72 61 6e 73 70 61 72 65
6e 74 3b 0a 20 20 20 20  20 20 20 20 20 20 7d 0a
20 20 20 20 20 20 20 20  20 20 2e 73 68 61 72 65
64 2d 63 61 72 64 2d 63  68 61 74 2d 73 63 72 6f
6c 6c 3a 3a 2d 77 65 62  6b 69 74 2d 73 63 72 6f
6c 6c 62 61 72 20 7b 20  77 69 64 74 68 3a 20 37
70 78 3b 20 7d 0a 20 20  20 20 20 20 20 20 20 20
2e 73 68 61 72 65 64 2d  63 61 72 64 2d 63 68 61
74 2d 73 63 72 6f 6c 6c  3a 3a 2d 77 65 62 6b 69
74 2d 73 63 72 6f 6c 6c  62 61 72 2d 74 72 61 63
6b 20 7b 20 62 61 63 6b  67 72 6f 75 6e 64 3a 20
74 72 61 6e 73 70 61 72  65 6e 74 3b 20 7d 0a 20
20 20 20 20 20 20 20 20  20 2e 73 68 61 72 65 64
2d 63 61 72 64 2d 63 68  61 74 2d 73 63 72 6f 6c
6c 3a 3a 2d 77 65 62 6b  69 74 2d 73 63 72 6f 6c
6c 62 61 72 2d 74 68 75  6d 62 20 7b 0a 20 20 20
20 20 20 20 20 20 20 20  20 62 61 63 6b 67 72 6f
75 6e 64 3a 20 23 34 45  34 45 34 45 3b 0a 20 20
20 20 20 20 20 20 20 20  20 20 62 6f 72 64 65 72
2d 72 61 64 69 75 73 3a  20 39 39 39 70 78 3b 0a
20 20 20 20 20 20 20 20  20 20 20 20 62 6f 72 64
65 72 3a 20 31 70 78 20  73 6f 6c 69 64 20 72 67
62 61 28 30 2c 20 30 2c  20 30 2c 20 30 2e 32 35
29 3b 0a 20 20 20 20 20  20 20 20 20 20 7d 0a 20
20 20 20 20 20 20 20 20  20 2e 73 68 61 72 65 64
2d 63 61 72 64 2d 63 68  61 74 2d 73 63 72 6f 6c
6c 3a 3a 2d 77 65 62 6b  69 74 2d 73 63 72 6f 6c
6c 62 61 72 2d 74 68 75  6d 62 3a 68 6f 76 65 72
20 7b 0a 20 20 20 20 20  20 20 20 20 20 20 20 62
61 63 6b 67 72 6f 75 6e  64 3a 20 23 36 31 36 31
36 31 3b 0a 20 20 20 20  20 20 20 20 20 20 7d 0a
20 20 20 20 20 20 20 20  20 20 2e 73 68 61 72 65
64 2d 63 61 72 64 2d 63  68 61 74 2d 63 6f 6d 70
6f 73 65 72 20 7b 20 73  63 72 6f 6c 6c 62 61 72
2d 77 69 64 74 68 3a 20  6e 6f 6e 65 3b 20 7d 0a
20 20 20 20 20 20 20 20  20 20 2e 73 68 61 72 65
64 2d 63 61 72 64 2d 63  68 61 74 2d 63 6f 6d 70
6f 73 65 72 3a 3a 2d 77  65 62 6b 69 74 2d 73 63
72 6f 6c 6c 62 61 72 20  7b 20 64 69 73 70 6c 61
79 3a 20 6e 6f 6e 65 3b  20 7d 0a 20 20 20 20 20
20 20 20 20 20 40 6b 65  79 66 72 61 6d 65 73 20
73 68 61 72 65 64 2d 63  61 72 64 2d 63 68 61 74
2d 61 63 74 69 76 65 2d  70 75 6c 73 65 20 7b 0a
20 20 20 20 20 20 20 20  20 20 20 20 30 25 2c 20
31 30 30 25 20 7b 20 6f  70 61 63 69 74 79 3a 20
30 2e 33 3b 20 74 72 61  6e 73 66 6f 72 6d 3a 20
73 63 61 6c 65 28 30 2e  38 32 29 3b 20 7d 0a 20
20 20 20 20 20 20 20 20  20 20 20 35 30 25 20 7b
20 6f 70 61 63 69 74 79  3a 20 31 3b 20 74 72 61
6e 73 66 6f 72 6d 3a 20  73 63 61 6c 65 28 31 29
3b 20 7d 0a 20 20 20 20  20 20 20 20 20 20 7d 0a
20 20 20 20 20 20 20 20  60 7d 0a 20 20 20 20 20
20 3c 2f 73 74 79 6c 65  3e 0a 20 20 20 20 20 20
3c 53 68 61 72 65 64 43  61 72 64 43 68 61 74 56
69 65 77 70 6f 72 74 0a  20 20 20 20 20 20 20 20
6d 65 73 73 61 67 65 73  3d 7b 6d 65 73 73 61 67
65 73 7d 0a 20 20 20 20  20 20 20 20 6d 61 69 6e
43 61 72 64 49 64 3d 7b  6d 61 69 6e 43 61 72 64
49 64 7d 0a 20 20 20 20  20 20 20 20 63 6f 6c 6f
72 73 3d 7b 63 6f 6c 6f  72 73 7d 0a 20 20 20 20
20 20 20 20 73 75 62 6a  65 63 74 4d 61 74 63 68
65 72 3d 7b 73 75 62 6a  65 63 74 4d 61 74 63 68
65 72 7d 0a 20 20 20 20  20 20 20 20 6f 6e 53 75
62 6a 65 63 74 46 6f 63  75 73 3d 7b 6f 6e 53 75
62 6a 65 63 74 46 6f 63  75 73 7d 0a 20 20 20 20
20 20 2f 3e 0a 20 20 20  20 20 20 3c 53 68 61 72
65 64 43 61 72 64 43 68  61 74 43 6f 6d 70 6f 73
65 72 0a 20 20 20 20 20  20 20 20 64 69 72 65 63
74 43 68 61 74 54 61 72  67 65 74 73 3d 7b 64 69
72 65 63 74 43 68 61 74  54 61 72 67 65 74 73 7d
0a 20 20 20 20 20 20 20  20 6f 6e 53 65 6e 64 3d
7b 6f 6e 53 65 6e 64 7d  0a 20 20 20 20 20 20 20
20 6f 6e 4b 6e 6f 77 6c  65 64 67 65 55 70 6c 6f
61 64 65 64 3d 7b 6f 6e  4b 6e 6f 77 6c 65 64 67
65 55 70 6c 6f 61 64 65  64 7d 0a 20 20 20 20 20
20 20 20 6b 6e 6f 77 6c  65 64 67 65 50 72 6f 6a
65 63 74 49 64 3d 7b 6b  6e 6f 77 6c 65 64 67 65
50 72 6f 6a 65 63 74 49  64 7d 0a 20 20 20 20 20
20 20 20 63 6f 6c 6f 72  73 3d 7b 63 6f 6c 6f 72
73 7d 0a 20 20 20 20 20  20 20 20 62 75 73 79 3d
7b 62 75 73 79 7d 0a 20  20 20 20 20 20 20 20 63
6f 6e 6e 65 63 74 69 6e  67 3d 7b 63 6f 6e 6e 65
63 74 69 6e 67 7d 0a 20  20 20 20 20 20 20 20 65
72 72 6f 72 3d 7b 65 72  72 6f 72 7d 0a 20 20 20
20 20 20 20 20 76 6f 69  63 65 45 72 72 6f 72 3d
7b 76 6f 69 63 65 45 72  72 6f 72 7d 0a 20 20 20
20 20 20 20 20 76 6f 69  63 65 50 68 61 73 65 3d
7b 76 6f 69 63 65 50 68  61 73 65 7d 0a 20 20 20
20 20 20 20 20 6f 6e 56  6f 69 63 65 53 74 61 72
74 3d 7b 6f 6e 56 6f 69  63 65 53 74 61 72 74 7d
0a 20 20 20 20 20 20 20  20 6f 6e 56 6f 69 63 65
53 74 6f 70 3d 7b 6f 6e  56 6f 69 63 65 53 74 6f
70 7d 0a 20 20 20 20 20  20 20 20 6f 6e 53 74 6f
70 3d 7b 6f 6e 53 74 6f  70 7d 0a 20 20 20 20 20
20 20 20 64 72 61 66 74  3d 7b 64 72 61 66 74 7d
0a 20 20 20 20 20 20 20  20 6f 6e 44 72 61 66 74
43 68 61 6e 67 65 3d 7b  6f 6e 44 72 61 66 74 43
68 61 6e 67 65 7d 0a 20  20 20 20 20 20 2f 3e 0a
20 20 20 20 3c 2f 64 69  76 3e 0a 20 20 29 3b 0a
7d 0a
